$ANSIBLE_VAULT;1.1;AES256
63386332646466616365306138613932303763653335373764353965373231363366653632333164
3065613130633735376231353134663565636233633430340a326639343038623861376234383835
64333539393530343366366637303532396337613766626230333339663333656363313235373264
3065363034316364610a366262346465396233306436336461316364613238346465636630316639
39613463343835666566653335633263323762646239366437343430623335646362656264363231
33616265303265306335343131643538656534393035663366386636613161663533363036376134
32343338646233626633663939353061623165343566623732356564366637363566643466653732
65346532383635323035623735386239626463353132306264303266313430623439626631643162
64343066333539653739646636363231353864343931353136643862363433633532646465656466
66626636633361386434353961653035386132323736386637623038616463393335636434353662
396433366439343863333562356264663366
